______________________________________________________________________________________________________________________________________________________________________________________________________________________________________
#         ID_VACINA	    ID_LOTE       ID_FRASCO 
______________________________________________________________________________________________________________________________________________________________________________________________________________________________________
    1->[       5]	[20200001]	[1]
    2->[       5]	[20200001]	[2]
    3->[       5]	[20200001]	[3]
    4->[       5]	[20200001]	[4]
    5->[       5]	[20200001]	[5]
    6->[       5]	[20200001]	[6]
    7->[       5]	[20200001]	[7]
    8->[       5]	[20200001]	[8]
    9->[       5]	[20200001]	[9]
   10->[       5]	[20200001]	[10]
   11->[       5]	[20200001]	[11]
   12->[       5]	[20200001]	[12]
   13->[       5]	[20200001]	[13]
   14->[       5]	[20200001]	[14]
   15->[       5]	[20200001]	[15]
   16->[       5]	[20200001]	[16]
   17->[       5]	[20200001]	[17]
   18->[       5]	[20200001]	[18]
   19->[       5]	[20200001]	[19]
   20->[       5]	[20200001]	[20]
   21->[       5]	[20200001]	[21]
   22->[       5]	[20200001]	[22]
   23->[       5]	[20200001]	[23]
   24->[       5]	[20200001]	[24]
   25->[       5]	[20200001]	[25]
   26->[       5]	[20200001]	[26]
   27->[       5]	[20200001]	[27]
   28->[       5]	[20200001]	[28]
   29->[       5]	[20200001]	[29]
   30->[       5]	[20200001]	[30]
   31->[       5]	[20200001]	[31]
   32->[       5]	[20200001]	[32]
   33->[       5]	[20200001]	[33]
   34->[       5]	[20200001]	[34]
   35->[       5]	[20200001]	[35]
   36->[       5]	[20200001]	[36]
   37->[       5]	[20200001]	[37]
   38->[       5]	[20200001]	[38]
   39->[       5]	[20200001]	[39]
   40->[       5]	[20200001]	[40]
   41->[       5]	[20200001]	[41]
   42->[       5]	[20200001]	[42]
   43->[       5]	[20200001]	[43]
   44->[       5]	[20200001]	[44]
   45->[       5]	[20200001]	[45]
   46->[       5]	[20200001]	[46]
   47->[       5]	[20200001]	[47]
   48->[       5]	[20200001]	[48]
   49->[       5]	[20200001]	[49]
   50->[       5]	[20200001]	[50]