______________________________________________________________________________________________________________________________________________________________________________________________________________________________________
#         ID_VACINA	    ID_LOTE       ID_FRASCO 
______________________________________________________________________________________________________________________________________________________________________________________________________________________________________
    1->[       1]	[20210001]	[1]
    2->[       1]	[20210001]	[2]
    3->[       1]	[20210001]	[3]
    4->[       1]	[20210001]	[4]
    5->[       1]	[20210001]	[5]
    6->[       1]	[20210001]	[6]
    7->[       1]	[20210001]	[7]
    8->[       1]	[20210001]	[8]
    9->[       1]	[20210001]	[9]
   10->[       1]	[20210001]	[10]
   11->[       1]	[20210001]	[11]
   12->[       1]	[20210001]	[12]
   13->[       1]	[20210001]	[13]
   14->[       1]	[20210001]	[14]
   15->[       1]	[20210001]	[15]
   16->[       1]	[20210001]	[16]
   17->[       1]	[20210001]	[17]
   18->[       1]	[20210001]	[18]
   19->[       1]	[20210001]	[19]
   20->[       1]	[20210001]	[20]
   21->[       1]	[20210001]	[21]
   22->[       1]	[20210001]	[22]
   23->[       1]	[20210001]	[23]
   24->[       1]	[20210001]	[24]
   25->[       1]	[20210001]	[25]
   26->[       1]	[20210001]	[26]
   27->[       1]	[20210001]	[27]
   28->[       1]	[20210001]	[28]
   29->[       1]	[20210001]	[29]
   30->[       1]	[20210001]	[30]
   31->[       1]	[20210001]	[31]
   32->[       1]	[20210001]	[32]
   33->[       1]	[20210001]	[33]
   34->[       1]	[20210001]	[34]
   35->[       1]	[20210001]	[35]
   36->[       1]	[20210001]	[36]
   37->[       1]	[20210001]	[37]
   38->[       1]	[20210001]	[38]
   39->[       1]	[20210001]	[39]
   40->[       1]	[20210001]	[40]
   41->[       1]	[20210001]	[41]
   42->[       1]	[20210001]	[42]
   43->[       1]	[20210001]	[43]
   44->[       1]	[20210001]	[44]
   45->[       1]	[20210001]	[45]
   46->[       1]	[20210001]	[46]
   47->[       1]	[20210001]	[47]
   48->[       1]	[20210001]	[48]
   49->[       1]	[20210001]	[49]
   50->[       1]	[20210001]	[50]