______________________________________________________________________________________________________________________________________________________________________________________________________________________________________
#         ID_VACINA	    ID_LOTE       ID_FRASCO 
______________________________________________________________________________________________________________________________________________________________________________________________________________________________________
    1->[       3]	[21210001]	[1]
    2->[       3]	[21210001]	[2]
    3->[       3]	[21210001]	[3]
    4->[       3]	[21210001]	[4]
    5->[       3]	[21210001]	[5]
    6->[       3]	[21210001]	[6]
    7->[       3]	[21210001]	[7]
    8->[       3]	[21210001]	[8]
    9->[       3]	[21210001]	[9]
   10->[       3]	[21210001]	[10]
   11->[       3]	[21210001]	[11]
   12->[       3]	[21210001]	[12]
   13->[       3]	[21210001]	[13]
   14->[       3]	[21210001]	[14]
   15->[       3]	[21210001]	[15]
   16->[       3]	[21210001]	[16]
   17->[       3]	[21210001]	[17]
   18->[       3]	[21210001]	[18]
   19->[       3]	[21210001]	[19]
   20->[       3]	[21210001]	[20]
   21->[       3]	[21210001]	[21]
   22->[       3]	[21210001]	[22]
   23->[       3]	[21210001]	[23]
   24->[       3]	[21210001]	[24]
   25->[       3]	[21210001]	[25]
   26->[       4]	[21210001]	[1]
   27->[       4]	[21210001]	[2]
   28->[       4]	[21210001]	[3]
   29->[       4]	[21210001]	[4]
   30->[       4]	[21210001]	[5]
   31->[       4]	[21210001]	[6]
   32->[       4]	[21210001]	[7]
   33->[       4]	[21210001]	[8]
   34->[       4]	[21210001]	[9]
   35->[       4]	[21210001]	[10]
   36->[       4]	[21210001]	[11]
   37->[       4]	[21210001]	[12]
   38->[       4]	[21210001]	[13]
   39->[       4]	[21210001]	[14]
   40->[       4]	[21210001]	[15]
   41->[       4]	[21210001]	[16]
   42->[       4]	[21210001]	[17]
   43->[       4]	[21210001]	[18]
   44->[       4]	[21210001]	[19]
   45->[       4]	[21210001]	[20]
   46->[       4]	[21210001]	[21]
   47->[       4]	[21210001]	[22]
   48->[       4]	[21210001]	[23]
   49->[       4]	[21210001]	[24]
   50->[       4]	[21210001]	[25]