______________________________________________________________________________________________________________________________________________________________________________________________________________________________________
#         ID_VACINA	    ID_LOTE       ID_FRASCO 
______________________________________________________________________________________________________________________________________________________________________________________________________________________________________
    1->[       5]	[20200001]	[49]
    2->[       5]	[20200001]	[50]
    3->[       2]	[20200001]	[1]
    4->[       2]	[20200001]	[2]
    5->[       2]	[20200001]	[3]
    6->[       2]	[20200001]	[4]
    7->[       2]	[20200001]	[5]
    8->[       2]	[20200001]	[6]
    9->[       2]	[20200001]	[7]
   10->[       2]	[20200001]	[8]
   11->[       2]	[20200001]	[9]
   12->[       2]	[20200001]	[10]
   13->[       2]	[20200001]	[11]
   14->[       2]	[20200001]	[12]
   15->[       2]	[20200001]	[13]
   16->[       2]	[20200001]	[14]
   17->[       2]	[20200001]	[15]
   18->[       2]	[20200001]	[16]
   19->[       2]	[20200001]	[17]
   20->[       2]	[20200001]	[18]
   21->[       2]	[20200001]	[19]
   22->[       2]	[20200001]	[20]
   23->[       2]	[20200001]	[21]
   24->[       2]	[20200001]	[22]
   25->[       2]	[20200001]	[23]
   26->[       2]	[20200001]	[24]
   27->[       2]	[20200001]	[25]
   28->[       2]	[20200001]	[26]
   29->[       2]	[20200001]	[27]
   30->[       2]	[20200001]	[28]
   31->[       2]	[20200001]	[29]
   32->[       2]	[20200001]	[30]
   33->[       2]	[20200001]	[31]
   34->[       2]	[20200001]	[32]
   35->[       2]	[20200001]	[33]
   36->[       2]	[20200001]	[34]
   37->[       2]	[20200001]	[35]
   38->[       2]	[20200001]	[36]
   39->[       2]	[20200001]	[37]
   40->[       2]	[20200001]	[38]
   41->[       2]	[20200001]	[39]
   42->[       2]	[20200001]	[40]
   43->[       2]	[20200001]	[41]
   44->[       2]	[20200001]	[42]
   45->[       2]	[20200001]	[43]
   46->[       2]	[20200001]	[44]
   47->[       2]	[20200001]	[45]
   48->[       2]	[20200001]	[46]
   49->[       2]	[20200001]	[47]
   50->[       2]	[20200001]	[48]